                year     price   mileage       tax       mpg  engineSize
year        1.000000  0.592196 -0.789550  0.090393 -0.347074   -0.022578
price       0.592196  1.000000 -0.534739  0.355614 -0.598854    0.612234
mileage    -0.789550 -0.534739  1.000000 -0.162657  0.390701    0.064772
tax         0.090393  0.355614 -0.162657  1.000000 -0.635786    0.406314
mpg        -0.347074 -0.598854  0.390701 -0.635786  1.000000   -0.380904
engineSize -0.022578  0.612234  0.064772  0.406314 -0.380904    1.000000
